name: aaron
channels:
  - conda-forge
  - defaults
dependencies:
  - blas=1.1=openblas
  - bzip2=1.0.6=1
  - ca-certificates=2018.4.16=0
  - cairo=1.14.12=he56eebe_3
  - certifi=2018.4.16=py36_0
  - ffmpeg=4.0.2=ha6a6e2b_0
  - fontconfig=2.13.0=h8c010e7_4
  - freetype=2.8.1=hfa320df_1
  - gettext=0.19.8.1=0
  - giflib=5.1.4=h470a237_0
  - glib=2.55.0=h464dc38_2
  - gmp=6.1.2=hfc679d8_0
  - gnutls=3.5.17=0
  - graphite2=1.3.11=h7d4d677_0
  - harfbuzz=1.7.6=0
  - hdf5=1.10.2=hc401514_1
  - icu=58.2=hfc679d8_0
  - jasper=1.900.1=4
  - jpeg=9c=h470a237_0
  - libiconv=1.15=h470a237_1
  - libidn11=1.33=hf837533_0
  - libpng=1.6.35=ha92aebf_0
  - libtiff=4.0.9=he6b73bb_1
  - libwebp=0.5.2=7
  - libxml2=2.9.8=h422b904_2
  - nettle=3.3=0
  - numpy=1.12.1=py36_blas_openblas_201
  - openblas=0.2.20=8
  - opencv=3.4.1=py36_blas_openblash3dd3c64_200
  - openh264=1.7.0=0
  - openssl=1.0.2o=h470a237_1
  - pcre=8.41=h470a237_2
  - pixman=0.34.0=2
  - x264=1!152.20180717=h470a237_0
  - cython=0.28.4=py36h0a44026_0
  - intel-openmp=2018.0.3=0
  - libcxx=4.0.1=h579ed51_0
  - libcxxabi=4.0.1=hebd6815_0
  - libedit=3.1.20170329=hb402a30_2
  - libffi=3.2.1=h475c297_4
  - libgfortran=3.0.1=h93005f0_2
  - libprotobuf=3.5.2=h2cd40f5_0
  - mkl=2018.0.3=1
  - ncurses=6.1=h0a44026_0
  - pip=10.0.1=py36_0
  - protobuf=3.5.2=py36h0a44026_1
  - python=3.6.6=hc167b69_0
  - readline=7.0=hc1231fa_4
  - setuptools=39.2.0=py36_0
  - six=1.11.0=py36_1
  - sqlite=3.24.0=ha441bb4_0
  - tensorflow=1.1.0=np112py36_0
  - tk=8.6.7=h35a86e2_3
  - werkzeug=0.14.1=py36_0
  - wheel=0.31.1=py36_0
  - xz=5.2.4=h1de35cc_4
  - zlib=1.2.11=hf3cbc9b_2
  - pip:
    - chardet==3.0.4
    - clearblade==2.2.3
    - idna==2.7
    - paho-mqtt==1.3.1
    - pandas==0.23.4
    - pillow==5.2.0
    - python-dateutil==2.7.3
    - pytz==2018.5
    - requests==2.19.1
    - scipy==1.1.0
    - urllib3==1.23
prefix: /anaconda3/envs/NAME

